Zone summary . Client-EPE
   Created - Fri Jul 21 13:12:30 2023. TARA Ver 2301.2.0.0 64-bit. LFCase-22SSWG_2025_SUM1_U1_04-study.raw. Rev-PTI35
 Zone, ZoneName    ,Buses, NTies,    TotGen, MaxGenOnl, MaxGenOff,   LoadAct,   LoadNom,  Load_DER, LdInDifZone, LdFrDifZone, shuntLoss, TotLosses, ZoneInterTies, ZoneInterExtLd,
   1, TEMPORARY   ,    33,    32,     821.9,    2559.9,    2559.9,      15.9,      15.9,       0.0,      44.0,      15.9,       0.0,       2.5,     775.4,     803.4,
   2, BRYAN       ,    47,    19,       0.0,       0.0,       9.6,     491.6,     491.6,       0.0,      57.7,      17.1,       0.0,       7.2,    -539.4,    -498.7,
   3, DENTON      ,    23,    18,       0.0,       0.0,       0.0,     692.0,     692.0,       0.0,       0.0,      23.3,       0.0,       1.4,    -670.1,    -693.3,
   4, GARLAND     ,    55,    45,       0.0,       0.0,       0.0,     616.9,     616.9,       0.0,       0.0,     108.1,       0.0,       7.5,    -516.3,    -624.3,
   5, GRNVILLE    ,     9,    10,       0.0,       0.0,       0.0,     117.9,     117.9,       0.0,       0.0,      20.1,       0.0,       0.4,     -98.2,    -118.3,
   6, TMPA        ,    38,    49,       0.0,       0.0,       0.0,       9.9,       9.9,       0.0,      43.4,       0.0,       0.0,       5.3,     -58.5,     -15.2,
  11, BEPC        ,   235,   192,       0.0,       0.0,       1.3,    2363.6,    2363.6,       0.0,     130.7,     127.2,       0.0,      34.5,   -2401.6,   -2398.1,
  12, LUBBOCK     ,    48,    13,       0.0,       0.0,       0.0,     461.6,     461.6,       0.0,       0.0,       0.0,       0.0,       2.3,    -463.9,    -463.9,
  13, BEPC_ARCHER ,     4,     5,       0.0,       0.0,       0.0,       7.5,       7.5,       0.0,       0.0,       0.0,       0.0,       0.0,      -7.6,      -7.6,
  15, BEPC_BAYLOR ,     5,     3,       0.0,       0.0,       0.0,       7.9,       7.9,       0.0,       8.1,       0.0,       0.0,       0.0,     -16.1,      -8.0,
  16, BEPC_BELL   ,    12,    14,       0.0,       0.0,       0.0,      47.6,      47.6,       0.0,       2.8,       0.0,       0.0,       3.6,     -54.0,     -51.2,
  17, BEPC_BOSQUE ,    13,    19,       8.1,      10.0,      10.0,      28.3,      28.3,       0.0,       0.0,       0.0,       0.0,       3.5,     -23.7,     -23.7,
  18, BEPC_BRAZOS ,     1,     1,       0.0,       0.0,       0.0,       5.6,       5.6,       0.0,       0.0,       0.0,       0.0,       0.9,      -6.5,      -6.5,
  19, BEPC_BROWN  ,     2,     3,       0.0,       0.0,       0.0,       5.8,       5.8,       0.0,       0.0,       0.0,       0.0,       0.0,      -5.8,      -5.8,
  20, BEPC_CHILDRE,     1,     2,       0.0,       0.0,       0.0,       4.8,       4.8,       0.0,       0.0,       0.0,       0.0,       0.0,      -4.8,      -4.8,
  21, BEPC_CLAY   ,     5,     6,       0.0,       0.0,       0.0,       7.7,       7.7,       0.0,       3.7,       0.0,       0.0,       0.1,     -11.5,      -7.8,
  22, BEPC_COLLIN ,     9,    12,       0.0,       0.0,       1.3,     461.2,     461.2,       0.0,       0.0,       0.0,       0.0,       3.9,    -465.2,    -465.2,
  23, BEPC_COMANCH,    11,    11,       0.0,       0.0,       0.0,      52.9,      52.9,       0.0,      10.4,       0.0,       0.0,       1.0,     -64.3,     -53.9,
  24, BEPC_COOKE  ,    18,     8,       0.0,       0.0,       0.0,      71.4,      71.4,       0.0,       4.5,       0.0,       0.0,       1.5,     -77.4,     -72.9,
  25, BEPC_CORYELL,     8,     5,       0.0,       0.0,       0.0,      26.8,      26.8,       0.0,       0.0,       0.0,       0.0,       0.5,     -27.3,     -27.3,
  26, BEPC_COTTLE ,     1,     1,       0.0,       0.0,       0.0,       2.4,       2.4,       0.0,       0.0,       0.0,       0.0,       0.0,      -2.4,      -2.4,
  27, BEPC_CROSBY ,     1,     1,       0.0,       0.0,       0.0,       7.1,       7.1,       0.0,       0.0,       0.0,       0.0,       0.1,      -7.2,      -7.2,
  28, BEPC_DALLAS ,     2,     7,       0.0,       0.0,       0.0,       0.0,       0.0,       0.0,       0.0,       0.0,       0.0,       0.0,       0.0,       0.0,
  29, BEPC_DENTON ,    44,    41,       1.6,       2.0,       9.3,    1182.8,    1182.8,       0.0,      62.1,       0.0,       0.0,       5.3,   -1248.6,   -1186.5,
  30, BEPC_DICKENS,     1,     1,       0.0,       0.0,       0.0,       3.0,       3.0,       0.0,       0.0,       0.0,       0.0,       0.0,      -3.0,      -3.0,
  31, BEPC_EASTLAN,     2,     3,       0.0,       0.0,       0.0,      32.2,      32.2,       0.0,       0.0,       0.0,       0.0,       0.1,     -32.2,     -32.2,
  32, BEPC_ELLIS  ,    19,    21,       0.0,       0.0,       0.0,     205.1,     205.1,       0.0,       0.0,       0.0,       0.0,       1.1,    -206.3,    -206.3,
  33, BEPC_ERATH  ,    11,     8,       8.1,      10.0,      10.0,      64.8,      64.8,       0.0,      11.8,       0.0,       0.0,       0.2,     -68.7,     -56.9,
  34, BEPC_FALLS  ,     5,     5,       0.0,       0.0,       0.0,      18.9,      18.9,       0.0,       0.0,       0.0,       0.0,       0.4,     -19.3,     -19.3,
  35, BEPC_FOARD  ,     0,     0,       0.0,       0.0,       0.0,       0.8,       0.8,       0.0,       0.0,       0.8,       0.0,       0.0,       0.0,      -0.8,
  36, BEPC_FREESTO,     4,     6,       0.0,       0.0,       0.0,      22.3,      22.3,       0.0,      10.7,       0.0,       0.0,       0.0,     -33.0,     -22.3,
  37, BEPC_GRAYSON,     2,     3,       0.0,       0.0,       0.0,       4.3,       4.3,       0.0,       9.9,       0.0,       0.0,       0.4,     -14.5,      -4.6,
  38, BEPC_GRIMES ,     9,     8,       0.0,       0.0,       0.0,      54.7,      54.7,       0.0,       0.0,       0.0,       0.0,       0.6,     -55.2,     -55.2,
  40, BEPC_HAMILTO,     1,     3,       0.0,       0.0,       0.0,       0.0,       0.0,       0.0,       0.0,       0.0,       0.0,       0.0,       0.0,       0.0,
  41, BEPC_HARDEMA,     0,     0,       0.0,       0.0,       0.0,       2.7,       2.7,       0.0,       0.0,       2.7,       0.0,       0.0,       0.0,      -2.7,
  42, BEPC_HASKELL,     2,     3,       0.0,       0.0,       0.0,       8.0,       8.0,       0.0,       0.0,       0.0,       0.0,       0.0,      -8.0,      -8.0,
  44, BEPC_HOOD   ,     0,     0,       0.0,       0.0,       0.0,      46.3,      46.3,       0.0,       0.0,      46.3,       0.0,       0.0,       0.0,     -46.3,
  45, BEPC_JACK   ,     1,     1,       0.0,       0.0,       0.0,       3.3,       3.3,       0.0,       0.0,       0.0,       0.0,       0.0,      -3.3,      -3.3,
  47, BEPC_KENT   ,     7,     9,       0.0,       0.0,       0.0,      66.0,      66.0,       0.0,       0.0,       0.0,       0.0,       0.0,     -66.0,     -66.0,
  48, BEPC_KING   ,     4,     3,       0.0,       0.0,       0.0,      38.2,      38.2,       0.0,       0.0,       0.0,       0.0,       0.2,     -38.4,     -38.4,
  49, BEPC_KNOX   ,     0,     0,       0.0,       0.0,       0.0,       3.2,       3.2,       0.0,       0.0,       3.2,       0.0,       0.0,       0.0,      -3.2,
  50, BEPC_LAMPASA,     1,     1,       0.0,       0.0,       0.0,       0.0,       0.0,       0.0,      10.9,       0.0,       0.0,       0.0,     -10.9,       0.0,
  51, BEPC_LEON   ,     6,     8,       0.0,       0.0,       0.0,      30.2,      30.2,       0.0,       0.0,       0.0,       0.0,       0.5,     -30.7,     -30.7,
  53, BEPC_MADISON,     1,     2,       0.0,       0.0,       0.0,       4.5,       4.5,       0.0,       0.0,       0.0,       0.0,       0.2,      -4.6,      -4.6,
  55, BEPC_MILAM  ,     9,     9,       0.0,       0.0,       0.0,      40.7,      40.7,       0.0,       1.5,       0.0,       0.0,       1.4,     -43.6,     -42.1,
  57, BEPC_MONTAGU,    16,     9,       0.0,       0.0,       0.0,      40.1,      40.1,       0.0,      17.1,       0.0,       0.0,       1.4,     -58.5,     -41.5,
  62, BEPC_ROBERTS,    13,    10,       0.0,       0.0,       0.0,      24.5,      24.5,       0.0,      11.3,       0.0,       0.0,       0.7,     -36.5,     -25.2,
  63, BEPC_SCURRY ,     1,     3,       0.0,       0.0,       0.0,       0.0,       0.0,       0.0,       0.0,       0.0,       0.0,       0.0,       0.0,       0.0,
  67, BEPC_STONEWA,     2,     2,       0.0,       0.0,       0.0,       4.3,       4.3,       0.0,       0.0,       0.0,       0.0,       0.1,      -4.4,      -4.4,
  70, BEPC_WALKER ,     1,     1,       0.0,       0.0,       0.0,       6.7,       6.7,       0.0,       0.0,       0.0,       0.0,       0.0,      -6.7,      -6.7,
  71, BEPC_WILLIAM,     1,     2,       0.0,       0.0,       0.0,      21.1,      21.1,       0.0,       0.0,       0.0,       0.0,       0.1,     -21.1,     -21.1,
 102, O_RUSK      ,    11,    15,       0.0,       0.0,       0.0,       6.9,       6.9,       0.0,       0.0,       0.0,       0.0,       1.6,      -8.4,      -8.4,
 103, O_NACOGDOCHE,    17,    13,       0.0,       0.0,       7.5,     151.8,     151.8,       0.0,       0.0,       0.0,       0.0,       3.7,    -155.5,    -155.5,
 104, O_ANGELINA  ,    31,    11,       0.0,       0.0,       0.0,     366.0,     366.0,       0.0,       0.0,       0.0,       0.0,       2.1,    -368.1,    -368.1,
 105, O_SMITH     ,    48,    25,       0.0,       0.0,       0.0,     704.1,     704.1,       0.0,       0.0,       0.0,       0.0,      41.4,    -745.5,    -745.5,
 106, O_CHEROKEE  ,    29,    17,       0.0,       0.0,       0.0,      96.7,      96.7,       0.0,       0.0,       0.0,       0.0,       6.5,    -103.2,    -103.2,
 107, O_HOUSTON   ,    11,     6,       0.0,       0.0,       0.0,      38.4,      38.4,       0.0,       0.0,       0.0,       0.0,       0.3,     -38.7,     -38.7,
 108, O_ANDERSON  ,    22,    14,       0.0,       0.0,       0.0,     120.3,     120.3,       0.0,       0.0,       4.7,       0.0,       2.2,    -117.8,    -122.5,
 109, O_HENDERSON ,    33,    28,       0.0,       0.0,       0.0,     187.1,     187.1,       0.0,       0.0,       0.0,       0.0,      30.4,    -217.5,    -217.5,
 110, O_VANZANDT  ,    13,    13,       0.0,       0.0,       0.0,      66.2,      66.2,       0.0,       0.0,       0.0,       0.0,       2.0,     -68.2,     -68.2,
 113, O_KAUFMAN   ,    57,    40,       0.0,       0.0,       5.7,     658.2,     658.2,       0.0,      16.8,       0.0,       0.0,      15.0,    -690.1,    -673.2,
 114, O_DALLAS    ,   568,    81,       0.0,       0.0,      12.0,    8962.3,    8962.3,       0.0,     110.1,      87.9,       0.0,      95.4,   -9080.0,   -9057.7,
 115, O_ELLIS     ,    70,    49,       0.0,       0.0,       2.4,    1125.9,    1125.9,       0.0,     133.9,     102.0,       0.0,      11.2,   -1168.9,   -1137.1,
 118, O_TARRANT   ,   317,    75,       0.0,       0.0,      17.9,    6336.6,    6336.6,       0.0,      40.5,      68.9,       0.0,      64.3,   -6372.5,   -6400.9,
 119, O_JOHNSON   ,    15,    11,       0.0,       0.0,       0.0,     198.9,     198.9,       0.0,      15.9,       0.0,       0.0,       3.3,    -218.2,    -202.2,
 120, O_HOOD      ,    28,    25,      85.4,     108.0,     108.0,      22.0,      22.0,       0.0,       0.0,       0.0,       0.0,      19.6,      43.8,      43.8,
 121, O_PARKER    ,    18,    25,       0.0,       0.0,       1.2,     131.9,     131.9,       0.0,       0.0,       0.0,       0.0,       5.3,    -137.2,    -137.2,
 125, O_EASTLAND  ,    24,    14,       0.0,       0.0,       0.0,     125.5,     125.5,       0.0,       0.0,       0.0,       0.0,       7.4,    -132.9,    -132.9,
 126, O_ERATH     ,    26,    21,       0.0,       0.0,      13.8,     153.5,     153.5,       0.0,       0.0,       0.0,       0.0,       6.7,    -160.2,    -160.2,
 127, O_BOSQUE    ,     4,     7,       0.0,       0.0,       0.0,       0.7,       0.7,       0.0,       0.0,       0.0,       0.0,       4.4,      -5.1,      -5.1,
 128, O_HILL      ,    15,    23,       0.0,       0.0,       0.0,      57.8,      57.8,       0.0,       0.0,       0.0,       0.0,       8.3,     -66.1,     -66.1,
 129, O_NAVARRO   ,    36,    26,       0.0,       0.0,       0.0,     170.1,     170.1,       0.0,       0.0,       0.0,       0.0,      12.2,    -182.4,    -182.4,
 130, O_FREESTONE ,    23,    27,       0.0,       0.0,       0.0,     105.8,     105.8,       0.0,       0.0,       0.0,       0.0,       9.8,    -115.6,    -115.6,
 131, O_LEON      ,    18,    19,       0.0,       0.0,       0.0,     107.8,     107.8,       0.0,       0.0,       0.0,       0.0,       5.7,    -113.4,    -113.4,
 132, O_LIMESTONE ,     9,     5,       0.0,       0.0,       0.0,      58.6,      58.6,       0.0,       0.0,       0.0,       0.0,       0.9,     -59.5,     -59.5,
 133, O_ROBERTSON ,     1,     9,       0.0,       0.0,       0.0,       0.0,       0.0,       0.0,       0.0,       0.0,       0.0,       1.6,      -1.6,      -1.6,
 134, O_FALLS     ,    16,    13,       4.3,       5.3,       5.3,      41.2,      41.2,       0.0,       0.0,       0.0,       0.0,       1.1,     -38.0,     -38.0,
 135, O_MCLENNAN  ,    77,    26,      12.2,      15.0,      17.0,     752.4,     752.4,       0.0,       0.0,       0.0,       0.0,      12.5,    -752.7,    -752.7,
 136, O_BELL      ,    75,    30,       0.0,       0.0,       8.3,    1404.1,    1404.1,       0.0,       0.0,       0.0,       0.0,      27.0,   -1431.1,   -1431.1,
 137, O_MILAM     ,    22,    20,       0.0,       0.0,       0.0,    1102.4,    1102.4,       0.0,       0.0,       0.0,       0.0,       6.9,   -1109.3,   -1109.3,
 138, O_WILLIAMSON,    60,    32,       0.0,       0.0,       7.6,    1434.4,    1434.4,       0.0,       0.0,       0.0,       0.0,       8.9,   -1443.3,   -1443.3,
 139, O_CORYELL   ,     5,     4,       0.0,       0.0,       1.2,      80.1,      80.1,       0.0,       0.0,       0.0,       0.0,       0.9,     -81.0,     -81.0,
 141, O_COMANCHE  ,    16,    17,       0.0,       0.0,       0.0,      22.0,      22.0,       0.0,       0.0,       0.0,       0.0,       0.8,     -22.8,     -22.8,
 142, O_BROWN     ,    20,    19,       0.0,       0.0,       0.0,     137.6,     137.6,       0.0,       0.0,      19.4,       0.0,       2.5,    -120.7,    -140.0,
 143, O_MCCULLOCH ,     7,     8,       0.0,       0.0,       0.0,      22.1,      22.1,       0.0,       0.0,       0.0,       0.0,       0.0,     -22.2,     -22.2,
 145, O_TITUS     ,     9,    13,       0.0,       0.0,       0.0,       0.0,       0.0,       0.0,       0.0,       0.0,       0.0,       3.3,      -3.3,      -3.3,
 146, O_LAMAR     ,    34,    23,       0.0,       0.0,       0.0,     139.3,     139.3,       0.0,       0.0,       0.0,       0.0,       5.6,    -144.8,    -144.8,
 147, O_HOPKINS   ,    24,    25,       0.0,       0.0,       0.0,      99.1,      99.1,       0.0,       0.0,       0.0,       0.0,      19.7,    -118.8,    -118.8,
 148, O_HUNT      ,    20,    15,      16.2,      20.0,      20.0,      98.9,      98.9,       0.0,       0.0,       0.0,       0.0,       4.2,     -86.8,     -86.8,
 149, O_FANNIN    ,    19,    21,       0.0,       0.0,       0.0,      49.0,      49.0,       0.0,       0.0,       0.0,       0.0,       9.5,     -58.5,     -58.5,
 150, O_GRAYSON   ,    45,    26,      16.4,      20.3,      21.5,     452.7,     452.7,       0.0,       0.0,       0.0,       0.0,      10.5,    -446.8,    -446.8,
 151, O_COLLIN    ,   131,    76,       0.0,       0.0,       2.4,    2271.9,    2271.9,       0.0,      22.4,      50.8,       0.0,      83.1,   -2326.5,   -2354.9,
 152, O_DENTON    ,    60,    81,       7.1,       8.8,      10.0,    1049.3,    1049.3,       0.0,      31.4,       0.0,       0.0,      23.5,   -1097.1,   -1065.6,
 153, O_COOKE     ,    15,    10,       4.2,       5.2,       5.2,      66.7,      66.7,       0.0,       0.0,       0.0,       0.0,       1.0,     -63.5,     -63.5,
 154, O_CLAY      ,    20,    19,       0.0,       0.0,       0.0,      22.6,      22.6,       0.0,       0.0,       0.0,       0.0,       3.9,     -26.5,     -26.5,
 155, O_WISE      ,    24,    30,       0.0,       0.0,       0.0,     113.6,     113.6,       0.0,       0.0,       0.0,       0.0,       6.9,    -120.5,    -120.5,
 156, O_JACK      ,    23,    30,       0.0,       0.0,       0.0,      46.5,      46.5,       0.0,       0.0,       0.0,       0.0,       4.2,     -50.7,     -50.7,
 157, O_WICHITA   ,    50,    16,       0.0,       0.0,       1.2,     462.8,     462.8,       0.0,       0.0,       0.0,       0.0,       3.3,    -466.1,    -466.1,
 158, O_ARCHER    ,    30,    25,       0.0,       0.0,       0.0,      22.7,      22.7,       0.0,       0.0,       0.0,       0.0,       1.8,     -24.5,     -24.5,
 160, ODESSA      ,    22,    29,       0.0,       0.0,       0.0,       0.0,       0.0,       0.0,       0.0,       0.0,       0.0,      13.1,     -13.1,     -13.1,
 161, O_SHACKELFOR,     5,    10,       0.0,       0.0,       0.0,       0.0,       0.0,       0.0,       0.0,       0.0,       0.0,       2.2,      -2.2,      -2.2,
 162, O_HASKELL   ,     2,     2,       0.0,       0.0,       0.0,       0.0,       0.0,       0.0,      36.1,       0.0,       0.0,       0.0,     -36.1,      -0.0,
 163, O_TAYLOR    ,     1,     3,       0.0,       0.0,       0.0,       0.0,       0.0,       0.0,       0.0,       0.0,       0.0,       0.0,      -0.0,      -0.0,
 164, O_SCURRY    ,    46,    39,      14.3,      75.6,      76.8,     289.7,     289.7,       0.0,       0.0,       0.0,       0.0,      16.0,    -291.5,    -291.5,
 165, O_NOLAN     ,    25,    22,       0.4,       2.0,       2.0,      66.5,      66.5,       0.0,       0.0,       0.0,       0.0,       5.3,     -71.4,     -71.4,
 166, O_MITCHELL  ,    25,    29,       0.0,       0.0,       9.1,     391.5,     391.5,       0.0,       0.0,      11.2,       0.0,      12.7,    -393.1,    -404.3,
 167, O_HOWARD    ,   114,    58,       0.0,       0.0,       9.1,    2010.6,    2010.6,       0.0,      52.5,     400.0,       0.0,      49.7,   -1712.9,   -2060.4,
 168, O_MIDLAND   ,   124,    46,       0.0,       0.0,       1.2,    2655.6,    2655.6,       0.0,     102.9,      89.3,       0.0,      31.2,   -2700.3,   -2686.8,
 169, O_ANDREWS   ,    47,    14,       0.0,       0.0,      28.1,     398.1,     398.1,       0.0,       0.0,     103.3,       0.0,       5.0,    -299.8,    -403.1,
 170, O_ECTOR     ,   102,    42,       0.0,       0.0,      28.9,     703.6,     703.6,       0.0,      31.0,       0.0,       0.0,      29.8,    -764.4,    -733.4,
 171, O_WARD      ,    75,    49,       0.0,       0.0,       0.0,     563.7,     563.7,       0.0,      40.5,       0.0,       0.0,      10.8,    -615.0,    -574.5,
 172, O_WINKLER   ,   105,    37,       0.0,       0.0,       9.9,    1264.8,    1264.8,       0.0,      33.4,      35.3,       0.0,      16.9,   -1279.8,   -1281.7,
 177, TEX-LA      ,    32,    27,       0.0,       0.0,       0.0,     210.6,     210.6,       0.0,       0.0,       0.0,       0.0,       0.3,    -210.8,    -210.8,
 178, RAYBURN     ,   122,    94,       0.0,       0.0,       0.0,    1150.6,    1150.6,       0.0,       4.7,       0.0,       0.0,       4.1,   -1159.3,   -1154.6,
 179, GS_GOLDENSPR,    11,    11,       0.0,       0.0,       0.0,       0.0,       0.0,       0.0,      20.2,       0.0,       0.0,      -0.0,     -20.2,       0.0,
 180, GS_BIGCOUNTR,     0,     0,       0.0,       0.0,       0.0,      46.3,      46.3,       0.0,       0.0,      46.3,       0.0,       0.0,       0.0,     -46.3,
 181, GS_COLEMAN  ,     3,     3,       0.0,       0.0,       0.0,      27.1,      27.1,       0.0,       0.0,      22.4,       0.0,       0.1,      -4.7,     -27.2,
 182, GS_CONCHOVAL,     2,     2,       0.0,       0.0,       0.0,      82.3,      82.3,       0.0,       0.0,      49.1,       0.0,       0.0,     -33.2,     -82.3,
 183, GS_LIGHTHOUS,     0,     0,       0.0,       0.0,       0.0,       4.1,       4.1,       0.0,       0.0,       4.1,       0.0,       0.0,       0.0,      -4.1,
 184, GS_LYNTEGAR ,     4,     1,       0.0,       0.0,       0.0,      43.4,      43.4,       0.0,       0.0,      20.2,       0.0,       0.0,     -23.2,     -43.4,
 185, GS_SWTEXAS  ,     1,     1,       0.0,       0.0,       0.0,      40.1,      40.1,       0.0,       0.0,      36.5,       0.0,       0.0,      -3.7,     -40.1,
 186, GS_TAYLOR   ,     6,     5,       0.0,       0.0,       0.0,      94.9,      94.9,       0.0,       0.0,      72.0,       0.0,       0.0,     -22.9,     -94.9,
 187, Zon_187     ,     9,     8,       0.0,       0.0,       0.0,      49.9,      49.9,       0.0,       0.0,       0.0,       0.0,       0.0,     -49.9,     -49.9,
 199, COCS        ,     7,     6,       0.0,       0.0,     100.0,     212.3,     212.3,       0.0,       0.0,      57.7,       0.0,       0.8,    -155.4,    -213.1,
 200, EHVDC       ,     2,     1,     599.4,     600.0,     600.0,       0.0,       0.0,       0.0,       0.0,       0.0,       0.0,       2.6,     596.8,     596.8,
 220, TNP_CLIF    ,    18,     8,       0.0,       0.0,       0.0,      71.7,      71.7,       0.0,       0.0,       0.0,       0.0,       2.5,     -74.2,     -74.2,
 221, TNP_WLSP    ,    12,     5,      12.2,      15.0,      15.0,      51.3,      51.3,       0.0,       0.0,       0.0,       0.0,       0.9,     -40.0,     -40.0,
 222, TNP_VROG    ,     6,     6,       0.0,       0.0,       0.0,      28.8,      28.8,       0.0,       0.0,       0.0,       0.0,       0.2,     -29.0,     -29.0,
 224, TNP_LEW     ,     8,     7,       0.0,       0.0,      12.6,     305.8,     305.8,       0.0,       0.0,       0.0,       0.0,       1.0,    -306.9,    -306.9,
 225, TNP_KTRC    ,    10,     8,       0.0,       0.0,       0.0,      85.7,      85.7,       0.0,       0.0,       8.5,       0.0,       0.3,     -77.5,     -86.0,
 226, TNP_BELS    ,     8,     3,      16.2,      20.0,      20.0,      13.4,      13.4,       0.0,       8.5,       0.0,       0.0,       0.0,      -5.7,       2.8,
 227, TNP_CLMX    ,    11,     6,       0.0,       0.0,       0.0,      73.4,      73.4,       0.0,       0.0,       0.0,       0.0,       0.4,     -73.8,     -73.8,
 229, TNP_PMWK    ,   122,    37,       0.0,       0.0,      59.7,    2658.2,    2658.2,       0.0,       0.0,       0.0,       0.0,      14.7,   -2673.0,   -2673.0,
 230, TNP_TC      ,    73,    19,       0.0,       0.0,      15.9,     984.1,     984.1,       0.0,      48.6,       0.0,       0.0,       8.6,   -1041.3,    -992.7,
 233, TNP_COGN    ,     6,     3,       0.0,       0.0,       0.0,     772.0,     772.0,       0.0,       0.0,     638.6,       0.0,       0.0,    -133.4,    -772.0,
 234, TNP_WC      ,    21,    14,       0.0,       0.0,       0.4,     176.6,     176.6,       0.0,       0.0,       0.0,       0.0,       1.2,    -177.8,    -177.8,
 238, TNP_GEN     ,     1,     6,       0.0,       0.0,       0.0,       0.0,       0.0,       0.0,       0.0,       0.0,       0.0,       3.2,      -3.2,      -3.2,
 240, TNP_FS      ,    27,    13,       0.0,       0.0,       1.3,     197.5,     197.5,       0.0,       1.5,     130.0,       0.0,       2.4,     -71.4,    -199.8,
 260, CNP_DNTN    ,    11,    11,       0.0,       0.0,       0.0,     264.8,     264.8,       0.0,       0.0,       0.0,       0.0,       0.3,    -265.1,    -265.1,
 261, CNP_INNR    ,    14,    20,       0.0,       0.0,       0.0,     245.2,     245.2,       0.0,     206.8,       0.0,       0.0,       3.8,    -455.8,    -249.0,
 295, CNP_CAPEMUTL,    11,    22,       0.0,       0.0,       0.0,       0.0,       0.0,       0.0,       0.0,       0.0,       0.0,       1.7,      -1.7,      -1.7,
 301, CNP_INDS    ,   142,   171,       0.0,       0.0,      40.0,    4762.8,    4762.8,       0.0,     148.2,     332.7,       0.0,      27.9,   -4606.2,   -4790.7,
 302, CNP_COGN    ,    35,   123,       0.0,       0.0,       0.0,    1195.2,    1195.2,       0.0,     956.5,     861.6,       0.0,       2.7,   -1292.9,   -1198.0,
 303, CNP_SS      ,     2,     5,       0.0,       0.0,       0.0,     800.0,     800.0,       0.0,       0.0,     800.0,       0.0,       0.0,      -0.0,    -800.0,
 304, CNP_DIST    ,   556,   419,      25.6,      31.6,     388.0,   16207.9,   16207.9,       0.0,      31.6,    1069.5,       0.0,     263.0,  -15407.4,  -16445.3,
 305, CNP_TGN     ,    54,   145,       0.0,       0.0,       0.0,       0.0,       0.0,       0.0,     285.1,       0.0,       0.0,      79.3,    -364.4,     -79.3,
 308, CNP_GALV    ,    18,     3,       0.0,       0.0,      13.0,     212.6,     212.6,       0.0,       5.8,       0.0,       0.0,       0.9,    -219.3,    -213.5,
 310, STP         ,     1,    13,       0.0,       0.0,       0.0,       0.0,       0.0,       0.0,       0.0,       0.0,       0.0,      11.9,     -11.9,     -11.9,
 317, CNP_TERT345 ,    48,    48,       0.0,       0.0,       0.0,       0.0,       0.0,       0.0,       0.0,       0.0,       0.0,       0.0,       0.0,       0.0,
 318, CNP_TERTIARY,    12,    12,       0.0,       0.0,       0.0,       0.0,       0.0,       0.0,       0.0,       0.0,       0.0,       0.0,       0.0,       0.0,
 319, CNP_LCAP    ,    54,   120,       0.0,       0.0,       3.7,      22.6,      22.6,       0.0,     571.9,      22.6,       0.0,      18.6,    -590.6,     -41.3,
 320, CNPDOWSS    ,     0,     0,       0.0,       0.0,       0.0,    1000.0,    1000.0,       0.0,       0.0,    1000.0,       0.0,       0.0,       0.0,   -1000.0,
 350, CPS         ,   162,    60,      50.5,      62.4,     101.8,    5761.7,    5761.7,       0.0,       0.0,       0.0,       0.0,      41.2,   -5752.4,   -5752.4,
 351, CPS_GENS    ,    10,    56,       0.0,       0.0,       0.0,       0.0,       0.0,       0.0,       0.0,       0.0,       0.0,      25.9,     -25.9,     -25.9,
 393, TNC_LCRA    ,    17,    20,       6.1,       7.5,       7.5,       7.9,       7.9,       0.0,      10.7,       0.0,       0.0,       1.5,     -14.0,      -3.3,
 394, NHVDC       ,     3,     1,     219.8,     220.0,     220.0,       0.0,       0.0,       0.0,       0.0,       0.0,       0.0,      -0.0,     219.8,     219.8,
 424, TRENT       ,     6,     2,       0.0,       0.0,       0.0,       7.2,       7.2,       0.0,       8.8,       0.0,       0.0,       0.2,     -16.2,      -7.4,
 428, PUTNAM      ,    29,    19,       0.0,       0.0,       0.0,      78.0,      78.0,       0.0,      10.8,       2.0,       0.0,       1.2,     -88.0,     -79.2,
 432, ABILENE     ,    80,    28,       0.0,       0.0,      50.7,     521.6,     521.6,       0.0,      27.9,       2.3,       0.0,       9.7,    -556.9,    -531.3,
 434, PECOS       ,    42,    36,     180.8,     228.5,     238.4,     125.2,     125.2,       0.0,       0.0,       0.0,       0.0,      22.8,      32.8,      32.8,
 438, MCCAMEY     ,    91,    54,       0.0,       0.0,       0.0,     336.3,     336.3,       0.0,      33.7,      35.5,       0.0,       7.6,    -342.0,    -343.8,
 442, W CHLDRS    ,     8,     4,       0.0,       0.0,       0.0,      19.6,      19.6,       0.0,       0.0,       0.0,       0.0,       0.3,     -20.0,     -20.0,
 444, TUSCOLA     ,     7,     3,       0.0,       0.0,       0.0,      28.7,      28.7,       0.0,       9.4,       0.0,       0.0,       0.1,     -38.2,     -28.8,
 446, PADUCAH     ,    19,     9,       0.0,       0.0,       0.0,      17.0,      17.0,       0.0,       4.4,       0.0,       0.0,       0.4,     -21.8,     -17.3,
 456, ASPR MNT    ,    37,    19,       0.0,       0.0,       0.0,      47.9,      47.9,       0.0,      33.7,       0.0,       0.0,       2.2,     -83.7,     -50.1,
 458, SOUTHERN    ,     2,     4,       0.0,       0.0,       0.0,     103.5,     103.5,       0.0,       0.0,     103.5,       0.0,       0.0,      -0.0,    -103.5,
 460, E MUNDAY    ,    31,    21,       0.0,       0.0,       0.0,      37.2,      37.2,       0.0,       5.3,       0.0,       0.0,       1.6,     -44.1,     -38.7,
 462, SONORA      ,    24,    12,       0.0,       0.0,       0.0,      44.8,      44.8,       0.0,       5.8,       0.0,       0.0,       0.9,     -51.5,     -45.7,
 466, MASON       ,    28,    22,       0.0,       0.0,       0.0,      17.8,      17.8,       0.0,      18.0,       0.0,       0.0,       1.8,     -37.7,     -19.6,
 472, PRESIDIO    ,    20,     9,       0.0,       0.0,       5.0,      37.1,      37.1,       0.0,      30.3,       0.0,       0.0,       1.1,     -68.5,     -38.2,
 474, SAN ANG     ,    55,    29,       0.0,       0.0,       3.8,     267.7,     267.7,       0.0,      22.7,       0.0,       0.0,       5.8,    -296.2,    -273.5,
 477, OKLUNION    ,    60,    50,       0.0,       0.0,       0.0,    1244.8,    1244.8,       0.0,       0.0,       0.0,       0.0,      25.0,   -1269.9,   -1269.9,
 478, CEDR HIL    ,    31,     9,       0.0,       0.0,       0.0,      22.9,      22.9,       0.0,      16.9,       0.0,       0.0,       1.6,     -41.4,     -24.5,
 479, BALLINGR    ,    35,    16,       0.0,       0.0,       0.0,      37.5,      37.5,       0.0,      19.0,       0.0,       0.0,       4.7,     -61.2,     -42.2,
 500, AUSTIN      ,     7,     8,       0.0,       0.0,       0.0,      49.4,      49.4,       0.0,       0.0,       0.0,       0.0,       0.2,     -49.6,     -49.6,
 502, BANDERA     ,     8,     4,       0.0,       0.0,       0.0,      73.7,      73.7,       0.0,       0.0,       0.0,       0.0,       0.8,     -74.6,     -74.6,
 504, BASTROP     ,    20,    21,       0.0,       0.0,       0.0,     268.3,     268.3,       0.0,       0.0,       0.0,       0.0,      17.5,    -285.8,    -285.8,
 505, L_BREWSTER  ,     2,     1,       0.0,       0.0,       0.0,       6.8,       6.8,       0.0,       0.0,       0.0,       0.0,       0.4,      -7.3,      -7.3,
 506, BLANCO      ,     7,     6,       0.0,       0.0,       0.0,      44.7,      44.7,       0.0,       0.0,       0.0,       0.0,       0.3,     -45.0,     -45.0,
 508, BURLESON    ,     3,     2,       0.0,       0.0,       0.0,      61.6,      61.6,       0.0,       0.0,       0.0,       0.0,       0.3,     -61.9,     -61.9,
 510, BURNET      ,    14,    19,       0.0,       0.0,       0.0,     185.9,     185.9,       0.0,       0.0,       0.0,       0.0,       4.2,    -190.1,    -190.1,
 511, L_COKE      ,     1,     7,       0.0,       0.0,       0.0,       0.0,       0.0,       0.0,       0.0,       0.0,       0.0,       1.0,      -1.0,      -1.0,
 512, CALDWELL    ,    14,    10,       0.0,       0.0,       0.0,     133.3,     133.3,       0.0,       0.0,       0.0,       0.0,       0.5,    -133.8,    -133.8,
 514, COLORADO    ,    30,    21,       0.0,       0.0,       0.0,      91.3,      91.3,       0.0,      22.9,       0.0,       0.0,       5.0,    -119.2,     -96.3,
 516, COMAL       ,    29,    14,       0.0,       0.0,       3.0,     651.0,     651.0,       0.0,       0.0,       0.0,       0.0,       8.5,    -659.6,    -659.6,
 517, CONCHO      ,     4,     6,     203.3,     257.0,     257.0,       0.0,       0.0,       0.0,       0.0,       0.0,       0.0,       1.3,     202.1,     202.1,
 519, L_CRANE     ,     4,    16,       0.0,       0.0,       0.0,       0.0,       0.0,       0.0,       0.0,       0.0,       0.0,      10.1,     -10.1,     -10.1,
 522, CULBERSON   ,     2,     4,       0.0,       0.0,       0.0,       0.0,       0.0,       0.0,       0.0,       0.0,       0.0,       0.0,      -0.0,      -0.0,
 525, DEWITT      ,    12,     8,       0.0,       0.0,       0.0,      99.7,      99.7,       0.0,       8.3,       0.0,       0.0,       3.5,    -111.4,    -103.1,
 526, L_DIMMIT    ,     2,     3,       0.0,       0.0,       0.0,      14.7,      14.7,       0.0,      17.3,      14.7,       0.0,       4.6,     -22.0,     -19.3,
 527, L_ECTOR     ,     1,     3,       0.0,       0.0,       0.0,       0.0,       0.0,       0.0,       0.0,       0.0,       0.0,       1.3,      -1.3,      -1.3,
 528, FAYETTE     ,    27,    26,       0.0,       0.0,       0.0,     121.5,     121.5,       0.0,       0.0,       0.0,       0.0,      21.2,    -142.6,    -142.6,
 529, EDWARDS     ,     0,     0,       0.0,       0.0,       0.0,       8.3,       8.3,       0.0,       0.0,       8.3,       0.0,       0.0,       0.0,      -8.3,
 531, GILLESPIE   ,    17,     8,       0.0,       0.0,       0.0,     118.8,     118.8,       0.0,       0.0,      13.3,       0.0,       0.9,    -106.4,    -119.7,
 534, GOLIAD      ,     2,     3,       0.0,       0.0,       0.0,       4.4,       4.4,       0.0,       7.5,       0.0,       0.0,       0.1,     -12.0,      -4.5,
 537, GONZALES    ,    21,    13,       0.0,       0.0,       4.8,     104.5,     104.5,       0.0,       8.4,       6.7,       0.0,       1.7,    -107.8,    -106.1,
 540, GUADALUPE   ,    53,    39,       0.0,       0.0,      11.7,     581.1,     581.1,       0.0,      23.0,      13.3,       0.0,      40.4,    -631.2,    -621.5,
 542, L_KARNES    ,     4,     6,       0.0,       0.0,       0.0,       0.0,       0.0,       0.0,      56.4,       0.0,       0.0,       4.1,     -60.4,      -4.1,
 543, HAYS        ,    30,    20,       0.0,       0.0,       0.0,     806.2,     806.2,       0.0,       0.0,       0.0,       0.0,      18.0,    -824.2,    -824.2,
 546, KENDALL     ,    20,    15,       0.0,       0.0,       0.0,     161.2,     161.2,       0.0,      13.3,       0.0,       0.0,       7.9,    -182.4,    -169.1,
 549, KERR        ,    13,     6,       0.0,       0.0,       0.0,     149.4,     149.4,       0.0,       0.0,       0.0,       0.0,       2.2,    -151.6,    -151.6,
 551, L_UVALDE    ,     1,     2,       0.0,       0.0,       0.0,       4.6,       4.6,       0.0,       0.0,       3.2,       0.0,       1.0,      -2.4,      -5.6,
 552, KIMBLE      ,     3,     3,       0.0,       0.0,       0.0,       6.4,       6.4,       0.0,       4.9,       0.0,       0.0,       0.0,     -11.3,      -6.4,
 553, KIMBLE      ,     1,     1,       0.0,       0.0,       0.0,      14.1,      14.1,       0.0,       0.0,       8.5,       0.0,       0.0,      -5.6,     -14.1,
 554, L_KINNEY    ,     2,     5,       0.0,       0.0,       0.0,       0.0,       0.0,       0.0,       8.4,       0.0,       0.0,       0.0,      -8.4,       0.0,
 555, LAMPASAS    ,     7,     6,       0.0,       0.0,       0.0,      38.0,      38.0,       0.0,      30.6,       0.0,       0.0,       0.2,     -68.8,     -38.2,
 558, LAVACA      ,     9,     5,       0.0,       0.0,       0.0,      56.6,      56.6,       0.0,       0.0,       0.0,       0.0,       0.4,     -57.0,     -57.0,
 561, LEE         ,     3,     3,       0.0,       0.0,       0.0,      85.2,      85.2,       0.0,       0.0,       0.0,       0.0,       0.5,     -85.7,     -85.7,
 562, L_ZAVALA    ,     0,     0,       0.0,       0.0,       0.0,       2.0,       2.0,       0.0,       0.0,       2.0,       0.0,       0.0,       0.0,      -2.0,
 564, LLANO       ,    17,    18,       0.0,       0.0,       0.0,     100.4,     100.4,       0.0,       0.0,       0.0,       0.0,       2.0,    -102.4,    -102.4,
 566, L_SCHLEICHER,     1,     6,       0.0,       0.0,       0.0,       0.0,       0.0,       0.0,       0.0,       0.0,       0.0,       0.4,      -0.4,      -0.4,
 567, L_STERLING  ,     1,     3,       0.0,       0.0,       0.0,       0.0,       0.0,       0.0,       0.0,       0.0,       0.0,       0.9,      -0.9,      -0.9,
 570, MASON       ,     4,     5,       0.0,       0.0,       0.0,      15.5,      15.5,       0.0,       0.0,       2.2,       0.0,       0.5,     -13.9,     -16.0,
 571, L_MAVERICK  ,     1,     2,       0.0,       0.0,       0.0,       9.6,       9.6,       0.0,       0.0,       0.0,       0.0,       0.8,     -10.4,     -10.4,
 572, MCCULLOCH   ,     6,     3,      31.3,     160.0,     160.0,      14.7,      14.7,       0.0,       0.0,      14.7,       0.0,       0.1,      31.1,      16.4,
 574, MIDLAND     ,     1,     4,       0.0,       0.0,       0.0,       0.0,       0.0,       0.0,       0.0,       0.0,       0.0,       5.1,      -5.1,      -5.1,
 575, MILLS       ,     1,     4,       0.0,       0.0,       0.0,       5.9,       5.9,       0.0,       4.8,       0.0,       0.0,       0.9,     -11.6,      -6.8,
 576, NOLAN       ,     1,     6,       0.0,       0.0,       0.0,       0.0,       0.0,       0.0,       0.0,       0.0,       0.0,       1.7,      -1.7,      -1.7,
 577, REAL        ,     1,     2,       0.0,       0.0,       0.0,      19.7,      19.7,       0.0,       0.0,       0.0,       0.0,       0.0,     -19.7,     -19.7,
 578, L_PECOS     ,    10,    27,       0.0,       0.0,       0.0,       0.4,       0.4,       0.0,       0.0,       0.0,       0.0,      12.3,     -12.7,     -12.7,
 579, SAN SABA    ,     3,     3,       0.0,       0.0,       0.0,      40.2,      40.2,       0.0,       0.0,       0.0,       0.0,       0.4,     -40.6,     -40.6,
 580, L_TAYLOR    ,     3,     2,       0.0,       0.0,       0.0,       0.0,       0.0,       0.0,      19.4,       0.0,       0.0,       0.0,     -19.4,      -0.0,
 581, TRAVIS      ,    44,    57,      22.4,      28.3,      28.3,     670.4,     670.4,       0.0,       0.0,       0.0,       0.0,      25.9,    -673.9,    -673.9,
 582, L_TOM GREEN ,     7,     8,       0.0,       0.0,       0.0,       0.0,       0.0,       0.0,       4.3,       0.0,       0.0,       1.0,      -5.3,      -1.0,
 583, WALLER      ,     6,     4,       0.0,       0.0,       0.0,     110.9,     110.9,       0.0,       0.0,       0.0,       0.0,       1.5,    -112.4,    -112.4,
 584, L_UPTON     ,    19,    22,     118.7,     150.0,     150.0,       0.0,       0.0,       0.0,       0.0,       0.0,       0.0,       3.1,     115.6,     115.6,
 585, WASHNGTON   ,    14,     7,       0.0,       0.0,       0.0,     145.8,     145.8,       0.0,       0.0,       0.0,       0.0,       3.3,    -149.1,    -149.1,
 586, L_VAL VERDE ,     1,     1,       0.0,       0.0,       0.0,      26.4,      26.4,       0.0,       0.0,       6.9,       0.0,       0.0,     -19.5,     -26.4,
 587, WILLIAMSON  ,    24,    20,       0.0,       0.0,       0.0,    1048.8,    1048.8,       0.0,       0.0,       0.0,       0.0,       4.9,   -1053.7,   -1053.7,
 588, L_WHARTON   ,     1,     4,       0.0,       0.0,       0.0,       0.0,       0.0,       0.0,       0.0,       0.0,       0.0,       3.0,      -3.0,      -3.0,
 589, WILSON      ,     2,     4,       0.0,       0.0,       0.0,      35.4,      35.4,       0.0,       0.0,       0.0,       0.0,       0.6,     -36.0,     -36.0,
 590, BORDEN      ,     4,    11,       0.0,       0.0,       0.0,       0.0,       0.0,       0.0,     400.0,       0.0,       0.0,       6.1,    -406.1,      -6.1,
 591, MARTIN      ,     2,     4,       0.0,       0.0,       0.0,       0.0,       0.0,       0.0,       0.0,       0.0,       0.0,       4.8,      -4.8,      -4.8,
 592, STERLING    ,     1,     3,       0.0,       0.0,       0.0,       0.0,       0.0,       0.0,       0.0,       0.0,       0.0,       0.1,      -0.1,      -0.1,
 593, GLASSCOCK   ,     3,     8,       0.0,       0.0,       0.0,       5.8,       5.8,       0.0,       0.0,       0.0,       0.0,       0.9,      -6.7,      -6.7,
 594, DICKENS     ,     1,     9,       0.0,       0.0,       0.0,       0.0,       0.0,       0.0,       0.0,       0.0,       0.0,       1.4,      -1.4,      -1.4,
 605, Zon_605     ,     0,     0,       0.0,       0.0,       0.0,       0.0,       0.0,       0.0,       0.0,       0.0,       0.0,       0.0,       0.0,       0.0,
 610, E VALLEY    ,    70,    37,       0.0,       0.0,      49.3,     421.9,     421.9,       0.0,      30.3,       0.0,       0.0,      11.8,    -464.0,    -433.6,
 612, CFE         ,    19,     5,     227.7,    6500.0,    6500.0,       0.0,       0.0,       0.0,       0.0,       0.0,       0.0,      34.3,     193.4,     193.4,
 615, W VALLEY    ,   104,    60,       0.0,       0.0,      32.0,    1187.1,    1187.1,       0.0,      79.6,      36.2,       0.0,      40.1,   -1270.6,   -1227.2,
 620, N REGION    ,   131,    86,       8.1,      10.0,      21.4,     762.9,     762.9,       0.0,      14.3,     162.6,       0.0,      77.9,    -684.5,    -832.7,
 625, C REGION    ,   169,    84,       1.8,       9.0,      27.4,    1982.9,    1982.9,       0.0,     112.7,       0.0,       0.0,      48.9,   -2142.7,   -2030.0,
 626, TCCCWIND    ,     0,     0,       0.0,       0.0,       0.0,       0.0,       0.0,       0.0,       0.0,       0.0,       0.0,       0.0,       0.0,       0.0,
 630, W REGION    ,    70,    51,      16.2,      20.0,      40.7,     382.5,     382.5,       0.0,      91.6,      35.1,       0.0,      16.5,    -439.3,    -382.8,
 635, LAREDO      ,    56,    26,       8.1,   10109.0,   10113.8,     527.9,     527.9,       0.0,       6.5,       0.0,       0.0,      19.3,    -545.6,    -539.1,
 636, TRIANGLE    ,    32,    19,       0.0,       0.0,       2.8,     199.3,     199.3,       0.0,       4.3,       8.4,       0.0,       8.3,    -203.5,    -207.6,
 640, NORTH LI    ,    15,    33,       0.0,       0.0,       0.0,     617.7,     617.7,       0.0,       0.0,     313.4,       0.0,       5.6,    -309.8,    -623.3,
 645, CENT LI     ,    30,    33,       0.0,       0.0,       0.0,     988.3,     988.3,       0.0,       0.0,       5.7,       0.0,       1.9,    -984.4,    -990.2,
 650, NR COGEN    ,     0,     0,       0.0,       0.0,       0.0,       0.0,       0.0,       0.0,       0.0,       0.0,       0.0,       0.0,       0.0,       0.0,
 651, CR COGEN    ,     1,     5,       0.0,       0.0,       0.0,       0.0,       0.0,       0.0,       0.0,       0.0,       0.0,       0.3,      -0.3,      -0.3,
 658, TCC_LCRA    ,     0,     0,       0.0,       0.0,       0.0,       8.3,       8.3,       0.0,       0.0,       8.3,       0.0,       0.0,       0.0,      -8.3,
 659, TCC_MEC     ,     2,     6,       0.0,       0.0,       0.0,       1.6,       1.6,       0.0,       0.0,       0.0,       0.0,       1.6,      -3.3,      -3.3,
 669, Zon_669     ,     2,     3,       0.0,       0.0,       0.0,       0.0,       0.0,       0.0,       0.0,       0.0,       0.0,       0.0,       0.0,       0.0,
 670, SHACKFORD   ,     1,     7,       0.0,       0.0,       0.0,       0.0,       0.0,       0.0,       0.0,       0.0,       0.0,       0.1,      -0.1,      -0.1,
 671, ROMNEY      ,     5,     5,       0.0,       0.0,       0.0,       0.0,       0.0,       0.0,       0.0,       0.0,       0.0,       0.2,      -0.2,      -0.2,
 672, BOSQUE      ,     4,     4,       0.0,       0.0,       0.0,       0.0,       0.0,       0.0,       0.0,       0.0,       0.0,       0.9,      -0.9,      -0.9,
 673, HILL        ,     3,     9,       0.0,       0.0,       0.0,       0.0,       0.0,       0.0,       0.0,       0.0,       0.0,      16.1,     -16.1,     -16.1,
 674, NAVARRO     ,     2,    11,       0.0,       0.0,       0.0,       0.0,       0.0,       0.0,       0.0,       0.0,       0.0,      21.3,     -21.3,     -21.3,
 675, BOSQUE      ,     6,    10,       0.0,       0.0,       0.0,       0.0,       0.0,       0.0,       4.2,       0.0,       0.0,       1.4,      -5.6,      -1.4,
 691, BAST-AEU    ,     6,     4,       0.0,       0.0,       0.0,       0.0,       0.0,       0.0,       0.0,       0.0,       0.0,       0.5,      -0.5,      -0.5,
 692, CALD-AEU    ,     8,    10,       0.0,       0.0,       0.0,       0.0,       0.0,       0.0,       0.0,       0.0,       0.0,       6.6,      -6.6,      -6.6,
 695, FAYE-AEU    ,     2,     7,       0.0,       0.0,       0.0,       0.0,       0.0,       0.0,       0.0,       0.0,       0.0,      25.1,     -25.1,     -25.1,
 709, TRAV-AEU    ,   140,    45,       4.1,       5.2,      20.5,    2893.3,    2893.3,       0.0,       0.0,       0.0,       0.0,      61.7,   -2950.9,   -2950.9,
 712, WILL-AEU    ,     4,     3,       0.0,       0.0,       0.0,      91.5,      91.5,       0.0,       0.0,       0.0,       0.0,       0.0,     -91.5,     -91.5,
 790, GRAY        ,    11,    12,       0.0,       0.0,       0.0,       0.0,       0.0,       0.0,       0.0,       0.0,       0.0,       3.1,      -3.1,      -3.1,
 800, BPUB        ,    17,    13,       0.0,       0.0,       0.0,     339.6,     339.6,       0.0,       0.0,       0.0,       0.0,       0.9,    -340.5,    -340.5,
 825, SU_CAPROCK  ,     1,     2,       0.0,       0.0,       0.0,      52.2,      52.2,       0.0,       0.0,      32.7,       0.0,       0.0,     -19.5,     -52.2,
 829, SHRY        ,    11,    13,       0.0,       0.0,       0.0,       0.0,       0.0,       0.0,      20.3,       0.0,       0.0,       1.0,     -21.3,      -1.0,
 870, MEC         ,    59,    41,       0.0,       0.0,       0.0,     334.8,     334.8,       0.0,      23.9,     100.8,       0.0,      29.5,    -287.5,    -364.4,
 872, JEC         ,    17,    16,       0.0,       0.0,       0.0,     174.5,     174.5,       0.0,      51.9,       0.0,       0.0,       0.8,    -227.2,    -175.3,
 874, KEC         ,    21,    25,       0.0,       0.0,       0.0,     329.5,     329.5,       0.0,       8.5,      97.6,       0.0,      27.1,    -267.5,    -356.6,
 875, MVEC_E      ,    13,    18,       0.0,       0.0,       0.0,     176.0,     176.0,       0.0,       0.0,      14.4,       0.0,       2.7,    -164.2,    -178.6,
 876, MVEC_W      ,    20,    17,       0.0,       0.0,       0.0,     522.7,     522.7,       0.0,       0.0,      61.5,       0.0,       4.4,    -465.6,    -527.0,
 878, NEC         ,    14,    17,       0.0,       0.0,       0.0,     213.6,     213.6,       0.0,       0.0,      26.4,       0.0,       2.5,    -189.7,    -216.1,
 880, SPEC        ,    16,    10,       0.0,       0.0,       0.0,      66.1,      66.1,       0.0,      12.6,       0.0,       0.0,       0.3,     -78.9,     -66.3,
 882, VEC         ,    22,    29,       0.0,       0.0,       0.0,     147.1,     147.1,       0.0,       0.0,       0.0,       0.0,       7.5,    -154.5,    -154.5,
 884, WCEC        ,    16,    10,       0.0,       0.0,       0.0,      79.6,      79.6,       0.0,       8.2,       0.0,       0.0,       0.5,     -88.4,     -80.1,
 890, STEC        ,    54,   114,       0.0,       0.0,       0.0,       0.0,       0.0,       0.0,      46.2,       0.0,       0.0,      45.3,     -91.5,     -45.3,
 891, LOAD-EX     ,     2,     4,       0.0,       0.0,       0.0,      16.7,      16.7,       0.0,       0.0,       0.0,       0.0,       3.2,     -19.9,     -19.9,
 900, E_BRAZORIA  ,    57,    21,    1515.7,    1687.6,    1978.0,     139.0,     139.0,       0.0,       0.0,       0.0,       0.0,       4.1,    1372.7,    1372.7,
 901, E_CALHOUN   ,     6,     4,      90.3,      96.0,     153.9,       0.0,       0.0,       0.0,       0.0,       0.0,       0.0,       0.3,      90.0,      90.0,
 902, E_CHAMBERS  ,    13,     5,    2575.8,    2644.9,    2644.9,       0.0,       0.0,       0.0,     220.0,       0.0,       0.0,       5.6,    2350.1,    2570.1,
 903, E_FORT BEND ,    45,    19,    5790.6,    5676.3,    5676.3,       0.0,       0.0,       0.0,       0.0,       0.0,       0.0,      12.9,    5777.8,    5777.8,
 904, E_GALVESTON ,    31,     9,    1115.2,    1155.2,    1185.1,       0.0,       0.0,       0.0,      10.6,       0.0,       0.0,       2.9,    1101.7,    1112.3,
 906, E_HARRIS    ,   128,    60,    6292.6,    6750.0,    6772.6,       0.0,       0.0,       0.0,      18.0,       0.0,       0.0,      17.3,    6257.3,    6275.3,
 907, E_JACKSON   ,     9,     3,     377.1,     507.4,     604.3,       0.0,       0.0,       0.0,       0.0,       0.0,       0.0,       1.8,     375.3,     375.3,
 911, E_MATAGORDA ,     5,     5,    2657.4,    2724.4,    2724.4,       0.0,       0.0,       0.0,       0.0,       0.0,       0.0,       1.9,    2655.5,    2655.5,
 918, E_VICTORIA  ,    24,    17,     721.8,     739.0,     749.0,       0.0,       0.0,       0.0,       0.0,       0.0,       0.0,       1.8,     720.0,     720.0,
 920, E_WHARTON   ,    36,     8,    2774.9,    3138.8,    3138.8,       0.0,       0.0,       0.0,       0.0,       0.0,       0.0,       6.5,    2768.5,    2768.5,
 930, E_ANDERSON  ,     5,     1,      57.8,     299.2,     299.2,       0.0,       0.0,       0.0,       0.0,       0.0,       0.0,       0.3,      57.5,      57.5,
 932, E_BRAZOS    ,     6,     6,     251.0,     260.0,     260.0,       0.0,       0.0,       0.0,       0.0,       0.0,       0.0,       0.8,     250.2,     250.2,
 935, E_CHEROKEE  ,     2,     2,     645.8,     669.0,     669.0,       0.0,       0.0,       0.0,       0.0,       0.0,       0.0,       1.4,     644.5,     644.5,
 937, E_FREESTONE ,     6,     6,     889.1,     921.0,     921.0,       0.0,       0.0,       0.0,       0.0,       0.0,       0.0,       0.4,     888.7,     888.7,
 939, E_GRIMES    ,    11,     3,    1013.8,    1090.0,    1244.6,       0.0,       0.0,       0.0,       0.0,       0.0,       0.0,       1.1,    1012.6,    1012.6,
 941, E_HENDERSON ,     1,     1,     226.9,     235.0,     235.0,       0.0,       0.0,       0.0,       0.0,       0.0,       0.0,       0.0,     226.9,     226.9,
 942, E_HOPKINS   ,     9,     2,     427.5,     559.8,     731.0,       0.0,       0.0,       0.0,       0.0,       0.0,       0.0,       0.9,     426.7,     426.7,
 948, E_NACOGDOCHE,     2,     1,      75.1,     105.0,     105.0,       0.0,       0.0,       0.0,       0.0,       0.0,       0.0,       0.1,      75.0,      75.0,
 951, E_ROBERTSON ,    10,     5,    1950.1,    2020.0,    2070.0,       0.0,       0.0,       0.0,       0.0,       0.0,       0.0,       5.0,    1945.1,    1945.1,
 952, E_RUSK      ,     5,     5,    1593.9,    1651.0,    1651.0,       0.0,       0.0,       0.0,       0.0,       0.0,       0.0,       0.6,    1593.3,    1593.3,
 960, E_VAN ZANDT ,     5,     2,     140.4,     179.6,     179.6,       0.0,       0.0,       0.0,       0.0,       0.0,       0.0,       0.4,     140.0,     140.0,
 970, E_ANDREWS   ,    20,     5,     858.1,    1244.6,    1284.9,       0.0,       0.0,       0.0,       0.0,       0.0,       0.0,       2.0,     856.1,     856.1,
 971, E_BORDEN    ,    39,     7,     584.7,    1404.3,    1404.3,       0.0,       0.0,       0.0,       0.0,       0.0,       0.0,       3.3,     581.4,     581.4,
 972, E_BREWSTER  ,     4,     2,      39.6,      50.0,     111.6,       0.0,       0.0,       0.0,       0.0,       0.0,       0.0,       0.2,      39.4,      39.4,
 973, E_CRANE     ,    19,     4,      54.6,     279.6,     479.6,     199.4,     199.4,       0.0,       0.0,       0.0,       0.0,       1.3,    -146.1,    -146.1,
 974, E_CROCKETT  ,    39,     4,     274.2,    1403.5,    1453.5,       0.0,       0.0,       0.0,       0.0,       0.0,       0.0,       1.2,     273.0,     273.0,
 975, E_CULBERSON ,    11,     4,     365.0,     477.9,     477.9,       0.0,       0.0,       0.0,       0.0,       0.0,       0.0,       1.8,     363.2,     363.2,
 976, E_DAWSON    ,     9,     2,     157.0,     362.8,     362.8,       0.0,       0.0,       0.0,       0.0,       0.0,       0.0,       0.5,     156.6,     156.6,
 977, E_ECTOR     ,    28,     9,    1956.6,    2040.6,    2070.5,     207.0,     207.0,       0.0,       0.0,       0.0,       0.0,       5.2,    1744.4,    1744.4,
 979, E_GLASSCOCK ,    20,     5,     224.2,    1149.5,    1149.5,       0.0,       0.0,       0.0,       0.0,       0.0,       0.0,       0.8,     223.3,     223.3,
 980, E_HOWARD    ,    24,    11,     389.4,    1185.1,    1187.1,       0.0,       0.0,       0.0,       0.0,       0.0,       0.0,       1.1,     388.4,     388.4,
 984, E_MARTIN    ,     3,     1,      22.6,     120.0,     120.0,       0.0,       0.0,       0.0,       0.0,       0.0,       0.0,       0.1,      22.5,      22.5,
 986, E_PECOS     ,    71,    21,    1181.1,    1921.0,    2309.7,       0.0,       0.0,       0.0,     160.3,       0.0,       0.0,       6.3,    1014.5,    1174.8,
 987, E_PRESIDIO  ,     1,     1,       7.6,      10.0,      10.0,       0.0,       0.0,       0.0,       0.0,       0.0,       0.0,       0.0,       7.6,       7.6,
 988, E_REAGAN    ,     3,     2,      58.6,     300.0,     300.0,       0.0,       0.0,       0.0,       0.0,       0.0,       0.0,       0.2,      58.4,      58.4,
 989, E_REEVES    ,    13,     7,      79.1,     400.0,     539.6,       0.0,       0.0,       0.0,       0.0,       0.0,       0.0,       0.2,      78.9,      78.9,
 991, E_UPTON     ,    21,     6,     644.3,     943.8,    1003.7,       0.0,       0.0,       0.0,       0.0,       0.0,       0.0,       1.7,     642.7,     642.7,
 992, E_WARD      ,    10,     7,     312.6,     320.0,     429.9,       0.0,       0.0,       0.0,       0.0,       0.0,       0.0,       0.4,     312.1,     312.1,
 993, E_WINKLER   ,     8,     3,     230.1,     405.8,     439.5,       0.0,       0.0,       0.0,       0.0,       0.0,       0.0,       2.8,     227.3,     227.3,
 994, E_LYNN      ,    13,     2,     184.1,     848.5,     848.5,       0.0,       0.0,       0.0,       0.0,       0.0,       0.0,       0.4,     183.8,     183.8,
1000, E_ARCHER    ,     6,     2,      43.3,     229.6,     229.6,       0.0,       0.0,       0.0,       0.0,       0.0,       0.0,       0.1,      43.2,      43.2,
1001, E_BAYLOR    ,     8,     3,      64.3,     330.2,     330.2,       0.0,       0.0,       0.0,       0.0,       0.0,       0.0,       0.1,      64.3,      64.3,
1003, E_BRISCO    ,    18,     3,     801.0,    1082.8,    1082.8,       0.0,       0.0,       0.0,       0.0,       0.0,       0.0,       1.7,     799.3,     799.3,
1004, E_CARSON    ,    15,     3,     212.8,     752.4,     752.4,       0.0,       0.0,       0.0,       0.0,       0.0,       0.0,       0.4,     212.4,     212.4,
1006, E_CHILDRESS ,     5,     1,     183.3,     240.0,     240.0,       0.0,       0.0,       0.0,       0.0,       0.0,       0.0,       0.4,     182.9,     182.9,
1007, E_CLAY      ,     4,     1,      38.5,     204.1,     204.1,       0.0,       0.0,       0.0,       0.0,       0.0,       0.0,       0.1,      38.4,      38.4,
1009, E_COOKE     ,    25,     5,     227.1,    1003.0,    1003.0,       0.0,       0.0,       0.0,       0.0,       0.0,       0.0,       0.4,     226.7,     226.7,
1011, E_CROSBY    ,     3,     1,      72.8,     257.2,     257.2,       0.0,       0.0,       0.0,       0.0,       0.0,       0.0,       0.2,      72.5,      72.5,
1012, E_DEAF SMITH,     9,     2,     130.9,     462.9,     462.9,      41.4,      41.4,       0.0,       0.0,       0.0,       0.0,       0.1,      89.5,      89.5,
1013, E_DICKENS   ,     5,     2,      42.4,     150.0,     352.3,       0.0,       0.0,       0.0,       0.0,       0.0,       0.0,       0.2,      42.2,      42.2,
1014, E_DONLEY    ,    10,     1,      49.2,     174.0,     174.0,       0.0,       0.0,       0.0,       0.0,       0.0,       0.0,       0.0,      49.2,      49.2,
1015, E_FANNIN    ,     7,     5,     160.1,     209.6,     209.6,       0.0,       0.0,       0.0,       0.0,       0.0,       0.0,      29.1,     131.0,     131.0,
1016, E_FLOYD     ,    16,     3,     198.6,     701.9,     701.9,       0.0,       0.0,       0.0,       0.0,       0.0,       0.0,       0.3,     198.2,     198.2,
1019, E_GRAY      ,    11,     4,     199.9,     706.8,     706.8,       0.0,       0.0,       0.0,       0.0,       0.0,       0.0,       0.5,     199.4,     199.4,
1020, E_GRAYSON   ,     6,     3,     645.9,     685.0,     765.0,       0.0,       0.0,       0.0,       0.0,       0.0,       0.0,       2.8,     643.1,     643.1,
1023, E_HASKELL   ,    31,     6,     481.5,    1514.9,    1592.5,       0.0,       0.0,       0.0,       0.0,       0.0,       0.0,       0.8,     480.7,     480.7,
1024, E_KENT      ,    13,     5,     355.1,     487.5,     487.5,       0.0,       0.0,       0.0,       0.0,       0.0,       0.0,       3.0,     352.0,     352.0,
1026, E_KNOX      ,    16,     3,     151.7,     804.4,     804.4,       0.0,       0.0,       0.0,       0.0,       0.0,       0.0,       0.1,     151.6,     151.6,
1027, E_LAMAR     ,    41,     8,    2479.8,    2955.3,    2955.3,       0.0,       0.0,       0.0,       0.0,       0.0,       0.0,      12.3,    2467.5,    2467.5,
1029, E_MOTLEY    ,     3,     1,      16.1,      57.0,      57.0,       0.0,       0.0,       0.0,       0.0,       0.0,       0.0,       0.2,      16.0,      16.0,
1033, E_WICHITA   ,     2,     2,      72.6,      77.0,      77.0,       0.9,       0.9,       0.0,       0.0,       0.0,       0.0,       0.3,      71.5,      71.5,
1034, E_WILBARGER ,    21,     3,     228.7,    1212.5,    1242.5,       0.0,       0.0,       0.0,       0.0,       0.0,       0.0,       0.4,     228.3,     228.3,
1036, E_PITTSBURG-,     7,     2,    1152.2,    1222.0,    1222.0,       0.0,       0.0,       0.0,       0.0,       0.0,       0.0,       2.5,    1149.7,    1149.7,
1037, E_OLDHAM    ,     8,     1,     100.4,     355.0,     355.0,       0.0,       0.0,       0.0,       0.0,       0.0,       0.0,       0.4,     100.0,     100.0,
1041, E_HALE      ,     2,     1,       0.0,       0.0,     202.4,       0.0,       0.0,       0.0,       0.0,       0.0,       0.0,       0.0,      -0.0,      -0.0,
1044, E_PARMER    ,     5,     1,      65.2,     230.4,     230.4,       0.0,       0.0,       0.0,       0.0,       0.0,       0.0,       0.1,      65.0,      65.0,
1047, E_BRISCOE   ,     2,     2,       0.0,       0.0,       0.0,       0.0,       0.0,       0.0,       0.0,       0.0,       0.0,       0.1,      -0.1,      -0.1,
1050, E_BELL      ,     8,     2,    1434.6,    1486.0,    1486.0,       0.0,       0.0,       0.0,       0.0,       0.0,       0.0,       2.5,    1432.1,    1432.1,
1051, E_BOSQUE    ,    10,     7,     755.2,     795.9,     839.9,       0.0,       0.0,       0.0,       0.0,       0.0,       0.0,       2.1,     753.1,     753.1,
1052, E_BROWN     ,     6,     1,     254.6,     321.8,     321.8,       0.0,       0.0,       0.0,       0.0,       0.0,       0.0,       0.6,     254.0,     254.0,
1053, E_CALLAHAN  ,    12,     2,     113.7,     602.9,     674.4,       0.0,       0.0,       0.0,       0.0,       0.0,       0.0,       0.2,     113.5,     113.5,
1054, E_COLLIN    ,     5,     5,     290.8,     333.0,     411.0,       0.0,       0.0,       0.0,       0.0,       0.0,       0.0,       0.7,     290.1,     290.1,
1055, E_COMANCHE  ,     5,     1,      39.6,     210.1,     210.1,       0.0,       0.0,       0.0,       0.0,       0.0,       0.0,       0.1,      39.5,      39.5,
1057, E_DALLAS    ,     5,     5,    1663.4,    1723.0,    1723.0,       0.0,       0.0,       0.0,       0.0,       0.0,       0.0,       2.1,    1661.2,    1661.2,
1058, E_DELTA     ,     3,     1,     248.7,     325.6,     427.0,       0.0,       0.0,       0.0,       0.0,       0.0,       0.0,       1.0,     247.7,     247.7,
1059, E_DENTON    ,    27,     6,     535.1,     619.0,     744.0,       0.0,       0.0,       0.0,       0.0,       0.0,       0.0,       1.5,     533.6,     533.6,
1061, E_ELLIS     ,    15,    10,    1823.2,    1929.8,    1929.8,      89.5,      89.5,       0.0,       0.0,      89.5,       0.0,       3.3,    1819.9,    1730.4,
1062, E_ERATH     ,     6,     5,      29.6,     153.4,     153.4,       0.0,       0.0,       0.0,       0.0,       0.0,       0.0,       0.0,      29.6,      29.6,
1063, E_FALLS     ,    20,     4,     670.5,     857.4,     907.4,       0.0,       0.0,       0.0,       0.0,       0.0,       0.0,       5.7,     664.8,     664.8,
1064, E_HAMILTON  ,     3,     1,      78.2,     100.0,     100.0,       0.0,       0.0,       0.0,       0.0,       0.0,       0.0,       0.3,      77.9,      77.9,
1065, E_HILL      ,    19,     6,     747.6,    1182.0,    1182.0,       0.0,       0.0,       0.0,       0.0,       0.0,       0.0,       1.6,     745.9,     745.9,
1066, E_HOOD      ,    20,     9,    2006.0,    2127.4,    2387.4,      15.0,      15.0,       0.0,       0.0,       0.0,       0.0,       2.9,    1988.1,    1988.1,
1067, E_HUNT      ,     7,     5,      99.6,      99.6,     289.6,       0.0,       0.0,       0.0,       0.0,       0.0,       0.0,       0.4,      99.2,      99.2,
1068, E_JACK      ,    19,     8,    1180.5,    1460.0,    1460.0,       0.0,       0.0,       0.0,       0.0,       0.0,       0.0,       2.7,    1177.8,    1177.8,
1069, E_JOHNSON   ,     2,     2,     259.7,     269.0,     269.0,       0.0,       0.0,       0.0,       0.0,       0.0,       0.0,       0.7,     259.0,     259.0,
1070, E_KAUFMAN   ,    16,     4,    1824.2,    1917.6,    1969.3,       6.0,       6.0,       0.0,       0.0,       0.0,       0.0,       3.7,    1814.4,    1814.4,
1071, E_LIMESTONE ,     7,     3,    1660.5,    1960.0,    1960.0,       0.0,       0.0,       0.0,       0.0,       0.0,       0.0,       2.5,    1658.0,    1658.0,
1072, E_MCLENNAN  ,     1,     1,     900.3,     932.6,     932.6,       0.0,       0.0,       0.0,       0.0,       0.0,       0.0,       1.2,     899.1,     899.1,
1073, E_MILLS     ,    19,     4,     164.3,     847.8,     847.8,       0.0,       0.0,       0.0,       0.0,       0.0,       0.0,       0.5,     163.8,     163.8,
1074, E_NAVARRO   ,    12,     3,     480.9,     615.0,     685.0,       0.0,       0.0,       0.0,       0.0,       0.0,       0.0,       1.1,     479.8,     479.8,
1075, E_PALO PINTO,     5,     5,     562.0,     596.0,     596.0,       0.0,       0.0,       0.0,       0.0,       0.0,       0.0,       1.7,     560.3,     560.3,
1078, E_SHACKELFOR,    14,     8,     104.8,     555.5,     555.5,       0.0,       0.0,       0.0,       0.0,       0.0,       0.0,       0.6,     104.1,     104.1,
1079, E_SOMERVELL ,     2,     4,    2400.0,    2400.0,    2400.0,       0.0,       0.0,       0.0,       0.0,       0.0,       0.0,       3.6,    2396.4,    2396.4,
1081, E_TARRANT   ,     5,     4,    1221.2,    1265.0,    1366.7,       0.0,       0.0,       0.0,       0.0,       0.0,       0.0,       3.7,    1217.5,    1217.5,
1082, E_THROCKMORT,     5,     1,      66.0,     350.2,     472.0,       0.0,       0.0,       0.0,       0.0,       0.0,       0.0,       0.1,      66.0,      66.0,
1083, E_WISE      ,     6,     3,     736.2,     780.8,     780.8,       0.0,       0.0,       0.0,       0.0,       0.0,       0.0,       1.5,     734.7,     734.7,
1084, E_YOUNG     ,    19,     5,     742.5,    1441.1,    1441.1,       0.0,       0.0,       0.0,       0.0,       0.0,       0.0,       0.9,     741.6,     741.6,
1091, E_ATASCOSA  ,     1,     1,     381.9,     391.0,     391.0,       0.0,       0.0,       0.0,       0.0,       0.0,       0.0,       0.0,     381.9,     381.9,
1092, E_BEE       ,    18,     4,     336.6,     808.2,     808.2,       0.0,       0.0,       0.0,       0.0,       0.0,       0.0,       0.8,     335.9,     335.9,
1094, E_CAMERON   ,    35,    13,     825.2,    1312.4,    1312.4,       0.0,       0.0,       0.0,       0.0,       0.0,       0.0,       3.6,     821.6,     821.6,
1095, E_DIMMIT    ,     3,     1,     158.2,     200.0,     200.0,       0.0,       0.0,       0.0,       0.0,       0.0,       0.0,       2.4,     155.8,     155.8,
1097, E_FRIO      ,    15,     7,     622.1,     738.8,     738.8,       0.0,       0.0,       0.0,       0.0,       0.0,       0.0,       1.9,     620.3,     620.3,
1098, E_GOLIAD    ,     2,     1,     639.8,     655.0,     655.0,       0.0,       0.0,       0.0,       0.0,       0.0,       0.0,       1.3,     638.5,     638.5,
1099, E_HIDALGO   ,    32,    13,    1384.2,    1657.5,    2064.1,       0.0,       0.0,       0.0,       0.0,       0.0,       0.0,       1.8,    1382.5,    1382.5,
1100, E_JIM HOGG  ,     3,     1,      14.8,      76.0,      76.0,       0.0,       0.0,       0.0,       0.0,       0.0,       0.0,       0.0,      14.8,      14.8,
1102, E_KENEDY    ,    24,     3,     606.5,    1089.4,    1089.4,       0.0,       0.0,       0.0,       0.0,       0.0,       0.0,       1.2,     605.3,     605.3,
1106, E_MAVERICK  ,     3,     3,       0.0,       0.0,      49.9,       0.0,       0.0,       0.0,       0.0,       0.0,       0.0,       0.0,       0.0,       0.0,
1108, E_NUECES    ,    22,     9,    1786.2,    2033.1,    2033.1,       0.0,       0.0,       0.0,       0.0,       0.0,       0.0,       5.1,    1781.1,    1781.1,
1109, E_REFUGIO   ,     3,     1,     122.5,     220.0,     220.0,       0.0,       0.0,       0.0,       0.0,       0.0,       0.0,       0.2,     122.2,     122.2,
1110, E_SANPATRICI,    26,     5,     473.1,     849.8,     849.8,       0.0,       0.0,       0.0,       0.0,       0.0,       0.0,       1.1,     472.0,     472.0,
1111, E_STARR     ,    23,     8,     185.4,     949.2,     985.2,       0.0,       0.0,       0.0,       0.0,       0.0,       0.0,       0.2,     185.2,     185.2,
1112, E_WEBB      ,    16,     7,     380.9,     622.3,     772.3,       0.0,       0.0,       0.0,       0.0,       0.0,       0.0,       1.0,     379.9,     379.9,
1113, E_WILLACY   ,    43,     7,     916.2,    1645.6,    1645.6,       0.0,       0.0,       0.0,       0.0,       0.0,       0.0,       2.1,     914.1,     914.1,
1114, E_ZAPATA    ,    31,     7,     226.8,    1161.1,    1190.9,       0.0,       0.0,       0.0,       0.0,       0.0,       0.0,       0.7,     226.1,     226.1,
1122, E_BASTROP   ,    15,     9,    1759.5,    1904.0,    1984.0,       0.0,       0.0,       0.0,       0.0,       0.0,       0.0,       3.8,    1755.7,    1755.7,
1123, E_BEXAR     ,    28,    16,    3866.6,    3966.2,    3987.1,       0.0,       0.0,       0.0,       0.0,       0.0,       0.0,       7.5,    3859.1,    3859.1,
1124, E_BLANCO    ,     1,     1,       0.0,       0.0,       2.3,       0.0,       0.0,       0.0,       0.0,       0.0,       0.0,       0.0,       0.0,       0.0,
1126, E_BURNET    ,     4,     4,       0.0,       0.0,      99.0,       0.0,       0.0,       0.0,       0.0,       0.0,       0.0,       0.0,       0.0,       0.0,
1128, E_COLORADO  ,     3,     1,      53.4,      53.4,      53.4,       0.0,       0.0,       0.0,       0.0,       0.0,       0.0,       0.3,      53.1,      53.1,
1129, E_COMAL     ,     1,     1,       0.0,       0.0,       6.0,       0.0,       0.0,       0.0,       0.0,       0.0,       0.0,       0.0,       0.0,       0.0,
1131, E_FAYETTE   ,     5,     5,    1816.0,    1816.0,    1816.0,       0.0,       0.0,       0.0,       0.0,       0.0,       0.0,       1.3,    1814.7,    1814.7,
1133, E_GUADALUPE ,    12,     8,    1700.5,    1741.0,    1741.0,       0.0,       0.0,       0.0,      13.3,       0.0,       0.0,       2.2,    1685.0,    1698.3,
1134, E_HAYS      ,     8,     4,     824.4,     844.0,     844.0,       0.0,       0.0,       0.0,       0.0,       0.0,       0.0,       1.3,     823.0,     823.0,
1136, E_KENDALL   ,     1,     2,       0.0,       0.0,       0.0,       0.0,       0.0,       0.0,       0.0,       0.0,       0.0,       1.9,      -1.9,      -1.9,
1140, E_MILAM     ,     3,     4,       0.0,       0.0,       0.0,       0.0,       0.0,       0.0,       0.0,       0.0,       0.0,       0.1,      -0.1,      -0.1,
1141, E_TRAVIS    ,    24,    13,     767.4,     812.0,    1551.0,       0.0,       0.0,       0.0,       0.0,       0.0,       0.0,       1.9,     765.5,     765.5,
1143, E_WILLIAMSON,     8,     3,       0.0,       0.0,     210.4,       0.0,       0.0,       0.0,       0.0,       0.0,       0.0,       0.0,      -0.0,      -0.0,
1146, E_STERLING  ,     2,     2,      91.0,     115.0,     115.0,       0.0,       0.0,       0.0,       0.0,       0.0,       0.0,       0.0,      91.0,      91.0,
1150, E_COKE      ,    20,     6,     223.5,    1052.7,    1052.7,       0.0,       0.0,       0.0,       0.0,       0.0,       0.0,       0.7,     222.8,     222.8,
1152, E_CONCHO    ,    25,     3,     209.1,     750.4,     750.4,       0.0,       0.0,       0.0,       0.0,       0.0,       0.0,       0.3,     208.8,     208.8,
1154, E_FISHER    ,    10,     2,     126.2,     669.1,     669.1,       0.0,       0.0,       0.0,       0.0,       0.0,       0.0,       0.1,     126.1,     126.1,
1156, E_IRION     ,     5,     1,      59.1,     302.4,     302.4,       0.0,       0.0,       0.0,       0.0,       0.0,       0.0,       0.1,      59.0,      59.0,
1157, E_JONES     ,     4,     1,     154.0,     201.6,     201.6,       0.0,       0.0,       0.0,       0.0,       0.0,       0.0,       0.4,     153.6,     153.6,
1160, E_KINNEY    ,     7,     2,      49.2,     137.4,     137.4,       0.0,       0.0,       0.0,       0.0,       0.0,       0.0,       0.2,      49.0,      49.0,
1162, E_LLANO     ,    13,     7,     507.9,     520.0,     583.0,       0.0,       0.0,       0.0,       0.0,       0.0,       0.0,       1.0,     506.9,     506.9,
1163, E_MASON     ,     2,     1,       0.0,       0.0,     100.5,       0.0,       0.0,       0.0,       0.0,       0.0,       0.0,       0.0,      -0.0,      -0.0,
1164, E_MCCULLOCH ,     3,     1,      35.1,     179.8,     179.8,       0.0,       0.0,       0.0,       0.0,       0.0,       0.0,       0.1,      35.0,      35.0,
1166, E_MITCHELL  ,    10,    17,     374.3,     397.0,     397.0,       0.0,       0.0,       0.0,       0.0,       0.0,       0.0,       0.5,     373.8,     373.8,
1167, E_NOLAN     ,    58,    24,     535.5,    2215.9,    2245.6,       0.0,       0.0,       0.0,       0.0,       0.0,       0.0,       1.5,     534.0,     534.0,
1171, E_SCHLEICHER,     7,     2,      70.2,     359.5,     359.5,       0.0,       0.0,       0.0,       0.0,       0.0,       0.0,       0.1,      70.1,      70.1,
1172, E_SCURRY    ,    42,    19,     792.7,    1687.3,    1747.3,       0.0,       0.0,       0.0,       0.0,       0.0,       0.0,       2.6,     790.1,     790.1,
1175, E_TAYLOR    ,    58,     7,     268.2,    1372.8,    2257.2,       0.0,       0.0,       0.0,       0.0,       0.0,       0.0,       1.5,     266.6,     266.6,
1176, E_TOM GREEN ,     6,     2,     284.7,     359.8,     359.8,       1.8,       1.8,       0.0,       0.0,       1.8,       0.0,       1.3,     283.3,     281.5,
1177, E_UVALDE    ,     3,     1,      79.1,     100.0,     100.0,       0.0,       0.0,       0.0,       0.0,       0.0,       0.0,       0.2,      78.9,      78.9,
1178, E_VAL VERDE ,     6,     3,      29.2,     149.3,     225.1,       0.0,       0.0,       0.0,       0.0,       0.0,       0.0,       0.0,      29.1,      29.1,
1179, E_LUBBOCK   ,    14,     7,     105.2,     107.0,     125.0,       0.0,       0.0,       0.0,       0.0,       0.0,       0.0,       0.2,     105.0,     105.0,
1180, E_ONCOR_PUN ,     3,     4,      17.5,      17.5,      17.5,     119.4,     119.4,       0.0,       0.0,       0.0,       0.0,       0.0,    -101.9,    -101.9,
1181, E_CNP_PUN   ,   121,    47,    1967.3,    2076.2,    2216.2,     786.0,     786.0,       0.0,    1880.5,     238.0,       0.0,      10.3,    -471.6,    1170.9,
1183, E_AEPTCC_PUN,    82,    31,    2026.8,    2318.3,    2318.3,     774.4,     774.4,       0.0,     313.4,       0.0,       0.0,       5.5,     933.4,    1246.8,
1184, E_TNMP_PUN  ,    23,     8,    1210.0,    1210.0,    1210.0,       0.0,       0.0,       0.0,     579.4,       0.0,       0.0,       3.5,     627.2,    1206.5,
1189, Zon_1189    ,    42,    42,    6600.4,    8968.4,    9703.7,       0.0,       0.0,       0.0,       0.0,       0.0,       0.0,      -0.0,    6600.4,    6600.4,
1190, E_MB        ,     4,     4,       0.0,       0.0,     943.0,       0.0,       0.0,       0.0,       0.0,       0.0,       0.0,       0.0,       0.0,       0.0,
1193, E_SEASNL_GEN,     5,     5,    1716.5,    1970.0,    1970.0,       0.0,       0.0,       0.0,       0.0,       0.0,       0.0,       2.9,    1713.6,    1713.6,
1199, E_AUXLOAD   ,     0,     0,       0.0,       0.0,       0.0,       0.0,       0.0,       0.0,       0.0,       0.0,       0.0,       0.0,       0.0,       0.0,
1200, UNASSIGNED  ,     1,     1,       0.0,       0.0,       0.0,      55.9,      55.9,       0.0,       2.3,      55.9,       0.0,       0.0,      -2.3,     -55.9,
2006, Zon_2006    ,     2,     2,       0.0,       0.0,       0.0,       0.0,       0.0,       0.0,       3.1,       0.0,       0.0,       0.7,      -3.9,      -0.7,
2028, Zon_2028    ,     1,     2,       0.0,       0.0,       0.0,       0.0,       0.0,       0.0,       0.0,       0.0,       0.0,       0.7,      -0.7,      -0.7,
2029, Zon_2029    ,     1,     3,       0.0,       0.0,       0.0,       0.0,       0.0,       0.0,       0.0,       0.0,       0.0,       0.0,      -0.0,      -0.0,
2030, Zon_2030    ,     2,     2,       0.0,       0.0,       0.0,       0.0,       0.0,       0.0,       0.0,       0.0,       0.0,       0.4,      -0.4,      -0.4,
2077, Zon_2077    ,     1,     2,       0.0,       0.0,       0.0,       0.0,       0.0,       0.0,       0.0,       0.0,       0.0,       0.0,      -0.0,      -0.0,
2107, Zon_2107    ,     0,     0,       0.0,       0.0,       0.0,      10.6,      10.6,       0.0,       0.0,      10.6,       0.0,       0.0,       0.0,     -10.6,
2131, Zon_2131    ,     1,     2,       0.0,       0.0,       0.0,       0.0,       0.0,       0.0,       0.0,       0.0,       0.0,       0.0,      -0.0,      -0.0,
2148, Zon_2148    ,     2,     2,       0.0,       0.0,       0.0,       0.0,       0.0,       0.0,      43.0,       0.0,       0.0,       0.9,     -43.9,      -0.9,
2160, Zon_2160    ,     2,     2,       0.0,       0.0,       0.0,       0.0,       0.0,       0.0,       0.0,       0.0,       0.0,       0.0,      -0.0,      -0.0,
2195, Zon_2195    ,     1,     2,       0.0,       0.0,       0.0,       3.0,       3.0,       0.0,       0.0,       0.0,       0.0,       0.0,      -3.0,      -3.0,
2204, Zon_2204    ,     1,     3,       0.0,       0.0,       0.0,      19.7,      19.7,       0.0,       0.0,       0.0,       0.0,       0.0,     -19.7,     -19.7,
2208, Zon_2208    ,     2,     3,       0.0,       0.0,       0.0,       0.0,       0.0,       0.0,       2.0,       0.0,       0.0,       0.1,      -2.1,      -0.1,
2213, Zon_2213    ,     1,     1,       0.0,       0.0,       0.0,       0.0,       0.0,       0.0,       0.0,       0.0,       0.0,       0.0,      -0.0,      -0.0,
2215, Zon_2215    ,     1,     3,       0.0,       0.0,       0.0,       0.0,       0.0,       0.0,       0.0,       0.0,       0.0,       0.1,      -0.1,      -0.1,
2231, Zon_2231    ,     1,     3,       0.0,       0.0,       0.0,       0.0,       0.0,       0.0,       0.0,       0.0,       0.0,       1.4,      -1.4,      -1.4,
2234, Zon_2234    ,     2,     4,       0.0,       0.0,       0.0,       0.0,       0.0,       0.0,       0.0,       0.0,       0.0,       0.0,      -0.0,      -0.0,
2239, Zon_2239    ,     1,     3,       0.0,       0.0,       0.0,       0.0,       0.0,       0.0,       0.0,       0.0,       0.0,       1.5,      -1.5,      -1.5,